CACHE type 5 produced by analog 6.0/Unix. Do not modify or delete!
T	0	0	2166	163	41	178	183041015
D	25718552	25726676
17860	30	25	7	5669
17860	31	3	3	1869
17860	35	1	1	623
17860	36	2	2	1246
17860	37	2	2	1246
17860	146	1	1	623
17860	167	1	1	623
17860	168	1	1	623
17860	198	1	1	623
17860	204	1	1	623
17860	224	2	2	1246
17860	228	1	0	33861
17860	231	133	4	13346682
17860	232	21	0	2086223
17860	233	9	0	1519601
17860	234	10	1	256434
17860	235	5	1	162850
17860	236	62	4	6678028
17860	237	96	3	9405362
17860	239	5	0	134606
17860	247	3	0	114234
17860	254	15	0	933632
17860	259	45	2	3997715
17860	261	47	1	4346655
17860	262	6	0	1272892
17860	277	6	0	145200
17860	283	47	2	4373695
17860	284	4	1	1165837
17860	285	4	0	1388421
17861	6	1	1	38413
17861	12	1	1	0
17861	14	18	0	678682
17861	18	1	0	5126
17861	19	76	2	5665732
17861	20	3	0	37278
17861	21	41	8	4819287
17861	22	32	0	4749133
17861	23	27	0	3668488
17861	24	67	0	5091316
17861	25	26	0	561293
17861	26	43	0	5170552
17861	27	36	0	740060
17861	50	1	1	38401
17861	59	1	0	24
17861	141	20	2	2060986
17861	147	5	2	1912221
17861	148	5	0	442943
17861	161	1	1	38133
17861	185	1	1	38133
17861	189	9	1	305563
17861	190	16	0	335021
17861	191	2	0	76266
17861	192	2	0	57863
17861	234	1	0	38133
17861	235	46	1	4343250
17861	236	8	0	2576977
17861	239	1	0	363687
17861	261	1	0	10538
17861	264	2	1	48671
17861	269	63	1	5956893
17861	278	2	0	1461883
17861	279	89	1	8188371
17861	280	3	0	73317
17861	281	7	0	1218486
17861	283	1	0	1098196
17861	284	5	0	95037
17862	21	2	1	42877
17862	35	2	2	76266
17862	38	5	1	91644
17862	39	3	0	114399
17862	40	2	1	145675
17862	41	1	0	38133
17862	43	3	0	1224329
17862	44	1	0	320000
17862	45	7	0	518905
17862	46	4	0	95124
17862	51	3	2	104025
17862	74	1	1	38401
17862	77	2	1	148540
17862	105	2	1	154445
17862	114	2	1	59874
17862	145	2	1	39736
17862	172	2	1	43016
17862	177	2	1	44320
17862	180	2	1	42621
17862	191	46	2	3997024
17862	205	2	1	53915
17862	216	2	1	65254
17862	219	2	2	39581
17862	221	2	0	390540
17862	222	2	0	53003
17862	232	1	0	23781
17862	255	21	1	899398
17862	256	4	0	1532961
17862	269	44	2	3986751
17862	270	50	1	5516242
17863	10	2	1	48671
17863	16	1	1	38133
17863	25	2	1	148540
17863	27	36	1	3164796
17863	28	7	0	783822
17863	31	9	8	315602
17863	36	1	1	38133
17863	39	36	1	3056670
17863	74	1	1	38401
17863	86	2	2	39581
17863	87	2	1	42877
17863	123	2	1	65892
17863	143	2	1	43016
17863	153	1	0	33861
17863	155	43	2	3981559
17863	156	38	1	1264972
17863	157	16	2	1801070
17863	158	14	0	289237
17863	159	10	0	198316
17863	173	6	1	177137
17863	200	29	1	836890
17863	225	1	1	39624
17863	232	1	1	39312
17863	254	10	3	195397
17863	255	16	5	433930
17863	256	8	0	212069
17863	258	7	0	103821
17863	259	10	2	183139
17863	260	1	1	39305
17864	3	1	1	39305
17864	4	1	0	5126
17864	59	50	2	4061404
17864	60	4	0	433671
17864	62	1	1	39617
17864	127	6	2	166362
17864	128	2	0	78610
17864	134	2	1	39329
17864	135	7	6	275915
17864	145	1	0	24
17864	146	6	0	1382284
17864	153	42	8	3987657
17864	154	6	0	2185864
17864	160	6	0	69366
17864	166	1	1	39305
17864	179	2	0	16529
17864	182	16	0	883575
17864	184	1	0	2585
17864	191	3	0	45384
17864	196	1	0	25459
17864	197	4	0	84639
17864	200	2	0	28626
17864	202	1	0	15377
17864	203	6	0	215494
17864	205	2	0	24
17864	208	13	0	324713
17864	213	1	0	133385
17864	229	2	0	134511
17864	242	2	0	1142759
17864	248	3	0	41478
17864	263	5	2	78658
17864	265	1	0	33861
17864	266	14	2	2010139
17864	267	12	0	254976
17864	268	2	0	34776
17864	287	2	0	4500
17865	0	6	0	1898031
17865	2	48	1	3686626
17865	3	21	0	1067129
17865	4	40	0	3381043
17865	5	3	0	30557
17865	6	1	0	36173
17865	7	3	0	52279
17865	8	6	0	100320
17865	28	2	0	20912
17865	30	2	1	46711
17865	32	1	1	36173
17865	36	1	0	174663
17865	37	1	0	703556
17865	38	1	0	3624
17865	47	2	0	24035
17865	48	1	0	36173
17865	52	1	0	42192
17865	56	1	0	25596
17865	68	2	0	24113
17865	70	1	0	19303
17865	77	1	0	26325
17865	80	4	0	63585
17865	82	3	0	145097
17865	96	1	0	24
17865	97	1	0	13537
17865	121	2	0	174687
17865	124	1	0	6769
17865	134	3	0	9535
17865	137	5	3	147125
17865	169	3	0	26388
17865	202	2	0	551420
17865	207	1	0	1142735
17865	215	3	1	73444
1	0	0	0	6	0	0	25725621	0	0	25719962	0	/theme/adminpix/assets/plugins/datatables/dataTables.min.css
1	6	0	0	0	25725620	0	0	25719938	0	0	101274	/assets/adminpix/assets/dist/img/loader.gif
1	1	0	0	0	25718552	0	0	25718552	0	0	64	/.well-known/pki-validation/10C46E9C2001902B7E27C9A404E1C1BE.txt
1	1	0	0	0	25725499	0	0	25725499	0	0	16180	/admin/business/edit/28
1	30	0	0	0	25725614	0	0	25719556	0	0	138450	/assets/css/owl.carousel.css
1	5	0	0	0	25725620	0	0	25719938	0	0	1262705	/assets/adminpix/assets/plugins/jquery-ui-1.12.1/jquery-ui.min.js
1	5	0	0	4	25725614	0	25723506	25723507	0	25723495	83210	/assets/s3.png
1	5	0	0	0	25725619	0	0	25719910	0	0	41105	/assets/adminpix/assets/pe-icon-7-stroke/css/pe-icon-7-stroke.min.css
1	1	0	0	0	25721014	0	0	25721014	0	0	38133	/main?31.13.127.4
1	0	0	4	0	0	25724015	0	0	25719947	0	0	/admin/site/setting/update/1
1	5	0	0	0	25725620	0	0	25719938	0	0	43880	/assets/adminpix/assets/plugins/fastclick/fastclick.min.js
1	0	0	0	6	0	0	25725621	0	0	25719962	0	/theme/adminpix/assets/plugins/summernote/summernote.css
1	2	0	0	0	25724001	0	0	25723514	0	0	18668	/upload/business/1543251905.jpg
1	30	0	0	0	25725614	0	0	25719556	0	0	3278672	/assets/css/bootstrap.min.css
1	0	0	1	0	0	25725500	0	0	25725500	0	0	/admin/business/delete/28/2
1	23	0	0	0	25725614	0	0	25719556	0	0	290628	/assets/js/jquery.stellar.min.js
1	46	0	0	0	25725176	0	0	25719561	0	0	919767	/download
1	11	0	0	0	25726206	0	0	25719561	0	0	1921293	/upload/download/1543050638.jpg
1	0	0	0	1	0	0	25725578	0	0	25725578	0	/MQeQZ/VghRZ/SniKZ
1	1	1	0	0	25718558	0	0	25718558	0	0	623	/?C=M;O=A
1	9	0	4	28	25721245	25721470	25725620	25719973	25720790	25719939	151866	/admin/slider
1	30	0	0	0	25725624	0	0	25719949	0	0	512182	/admin/content
1	1	0	0	0	25718552	0	0	25718552	0	0	64	/.well-known/pki-validation/5CD1B0ADA871B22AA23FF0FFED0668DB.txt
1	6	0	0	5	25726273	0	25723506	25723507	0	25723495	41556	/assets/download.png
1	5	0	0	0	25725619	0	0	25719910	0	0	2680	/assets/adminpix/assets/material_icons/materia_icons.css
1	2	0	0	0	25719975	0	0	25719975	0	0	34444	/admin/slider/edit/11
1	1	0	0	0	25718552	0	0	25718552	0	0	64	/.well-known/pki-validation/13D6001BDF7E1C69E5C9C8C6AF0EA857.txt
1	1	0	0	0	25718552	0	0	25718552	0	0	64	/.well-known/pki-validation/5343EECA710CA10FDC827ABF573224B2.txt
1	0	0	0	1	0	0	25719564	0	0	25719564	0	/ZQSXZ/VLQiZ/URedZ/KObNZ/MKKWZ/VNaLZ/NULpZ/NNcWZ/VdleZ/XXSaZ/OeZbZ/SLdRZ/QidcZ/LbSSZ/WkeSZ
1	24	0	0	0	25725839	0	0	25719562	0	0	573345	/contact
1	22	0	0	0	25725614	0	0	25719556	0	0	133210	/assets/js/form-validator.min.js
1	29	0	0	0	25725614	0	0	25719556	0	0	3365276	/assets/css/icon.css
1	3	0	0	0	25725614	0	0	25725491	0	0	3278430	/upload/slider/1543420948.png
1	0	0	0	9	0	0	25725621	0	0	25719962	0	/theme/adminpix/assets/plugins/summernote/summernote-active.js
1	31	0	0	0	25725072	0	0	25719559	0	0	26512239	/about
1	5	0	0	0	25725620	0	0	25719948	0	0	3325	/assets/adminpix/assets/plugins/datatables/dataTables-active.js
1	0	0	2	0	0	25719952	0	0	25719952	0	0	/admin/about/save
1	22	0	0	0	25725614	0	0	25719556	0	0	30624	/assets/img/logo/preloader.gif
1	88	0	0	0	25725842	0	0	25719564	0	0	3359935	/main
1	6	0	0	0	25725620	0	0	25719938	0	0	336648	/assets/adminpix/assets/themify-icons/fonts/themify9f24.woff?-fvbane
1	23	0	0	0	25725625	0	0	25719556	0	0	131537	/assets/js/venobox.min.js
1	22	0	11	0	25725620	25725620	0	25719910	25719938	0	113766	/login
1	5	0	0	0	25725619	0	0	25719910	0	0	185225	/assets/adminpix/assets/bootstrap/js/bootstrap.min.js
1	26	0	0	0	25725371	0	0	25719556	0	0	27917990	/upload/slider/1543050418.png
1	27	0	0	0	25725614	0	0	25719556	0	0	113940	/assets/css/zebra_datepicker.css
1	6	0	0	0	25719958	0	0	25719955	0	0	98430	/admin/about/edit/26
1	0	0	1	0	0	25719564	0	0	25719564	0	0	/ZQSXZ/VLQiZ/URedZ/KObNZ/MKKWZ/VNaLZ/NULpZ/NNcWZ/VdleZ/XXSaZ/OeZbZ/SLdRZ/QidcZ/LbSSZ/WkeSZ/
1	9	0	0	0	25725620	0	0	25719964	0	0	133284	/admin/business
1	0	0	0	2	0	0	25719959	0	0	25719959	0	/admin/site/
1	28	0	0	0	25725782	0	0	25719556	0	0	4546790	/upload/slider/1543050346.jpg
1	5	0	0	0	25725619	0	0	25719910	0	0	12045	/assets/adminpix/assets/plugins/metisMenu/metisMenu.min.css
1	45	0	0	0	25725620	0	0	25719950	0	0	686792	/admin/about
1	1	0	0	0	25724835	0	0	25724835	0	0	40085	/index.php?option=com_user&task=register
1	13	0	0	0	25726288	0	0	25719560	0	0	262460	/clients
1	0	0	0	7	0	0	25725619	0	0	25719911	0	/assets/dist/img/favicon.png
1	6	0	0	4	25725614	0	25723506	25723507	0	25723495	92262	/assets/s1.png
1	28	0	0	0	25725614	0	0	25719556	0	0	37380	/assets/css/flaticon.css
1	5	0	0	0	25725619	0	0	25719910	0	0	14125	/assets/adminpix/assets/dist/img/bullet.png
1	5	0	0	0	25725620	0	0	25719938	0	0	134215	/assets/adminpix/assets/plugins/lobipanel/lobipanel.min.js
1	0	0	1	4	0	25719969	25719969	0	25719969	25719948	0	/admin/download/save
1	23	0	0	0	25726001	0	0	25719556	0	0	263810	/assets/js/jquery.meanmenu.js
1	27	0	0	0	25725614	0	0	25719556	0	0	418878	/assets/js/marco/modernizr-2.8.3.min.js
1	7	0	0	0	25725620	0	0	25719948	0	0	5996874	/assets/adminpix/assets/plugins/datatables/dataTables.min.js
1	0	0	0	1	0	0	25724835	0	0	25724835	0	/user/register
1	17	0	0	0	25725618	0	0	25719559	0	0	6182679	/assets/img/background/sub-banner-hotel.jpg
1	29	0	0	0	25725614	0	0	25719556	0	0	221676	/assets/css/venobox.css
1	5	0	0	0	25725619	0	0	25719910	0	0	2555	/assets/adminpix/assets/dist/css/base.css
1	6	0	0	0	25725620	0	0	25719938	0	0	12834	/assets/adminpix/assets/dist/img/logo-mini.png
1	2	0	0	0	25723517	0	0	25721262	0	0	10252	/admin/login
1	5	0	0	0	25725619	0	0	25719910	0	0	90140	/assets/adminpix/assets/bootstrap/fonts/glyphicons-halflings-regular.woff2
1	5	0	0	0	25722238	0	0	25719558	0	0	10465	/assets/fonts/Flaticon.svg
1	3	0	0	0	25725614	0	0	25725491	0	0	612291	/upload/slider/1543420462.png
1	1	0	0	0	25718552	0	0	25718552	0	0	64	/.well-known/pki-validation/381265B9F68B990ACA753E2DF81AD5A7.txt
1	0	0	0	16	0	0	25718588	0	0	25718558	0	/cgi-bin/
1	30	0	0	0	25726001	0	0	25719556	0	0	808751	/assets/css/font-awesome.min.css
1	5	0	0	0	25725619	0	0	25719910	0	0	155120	/assets/adminpix/assets/font-awesome/css/font-awesome.min.css
1	0	0	2	0	0	25725642	0	0	25725640	0	0	/admin/profile/update/27
1	27	0	0	0	25725308	0	0	25719556	0	0	3631149	/upload/slider/1543050476.jpg
1	4	0	0	0	25726676	0	0	25723514	0	0	147756	/assets/logo.png
1	23	0	0	0	25725614	0	0	25719556	0	0	1685279	/assets/js/tabs.js
1	10	0	0	0	25725492	0	0	25723510	0	0	192958	/projects
1	17	0	0	2	25726001	0	25723510	25723514	0	25723509	417717	/profile
1	1	0	0	0	25718552	0	0	25718552	0	0	64	/.well-known/pki-validation/B9BAD5738154E0B36B367EB85D96AEC0.txt
1	6	0	0	0	25725620	0	0	25719938	0	0	28428	/assets/adminpix/assets/dist/img/logo.png
1	21	0	0	0	25725614	0	0	25719556	0	0	2044791	/assets/js/marco/jquery-1.12.4.min.js
1	0	0	1	0	0	25719954	0	0	25719954	0	0	/admin/about/update/1
1	6	0	0	4	25725744	0	25723506	25723507	0	25723495	125328	/assets/s4.png
1	0	0	0	14	0	0	25725620	0	0	25719910	0	/ajax.googleapis.com/ajax/libs/webfont/1.6.26/webfont.js
1	3	0	0	0	25725614	0	0	25725491	0	0	572847	/upload/slider/1543420238.png
1	5	0	0	0	25725619	0	0	25719910	0	0	169435	/assets/adminpix/assets/dist/css/style.css
1	5	0	0	0	25725620	0	0	25719938	0	0	461015	/assets/adminpix/assets/plugins/summernote/summernote.min.js
1	26	0	1	0	25725621	25724182	0	25719948	25724182	0	363561	/admin/download
1	0	0	0	7	0	0	25725621	0	0	25719962	0	/theme/adminpix/assets/plugins/datatables/dataTables-active.js
1	1	0	0	0	25725401	0	0	25725401	0	0	21009	/projectsdetails/29
1	3	0	0	0	25726449	0	0	25723514	0	0	61326	/projectsdetails/30
1	12	0	0	0	25718552	0	0	25718552	0	0	924	/.well-known/pki-validation/CB96B4CBFE1C8AEB8A8024C3BA79E0A2.txt
1	1	0	0	0	25719585	0	0	25719585	0	0	15514	/assets/js/marco/modernizr-2.8.3.min.js?_fp601=0.6010853960076489
1	8	0	0	0	25725621	0	0	25719962	0	0	121727	/admin/gallery
1	1	1	0	0	25718558	0	0	25718558	0	0	623	/?C=N;O=A
1	0	0	2	0	0	25725611	0	0	25722834	0	0	/VmOjZ/ZLXLZ/MMTPZ/KPcNZ/TMQYZ/TYcnZ/XLKpZ/PjoNZ/XkTZZ/YdQKZ/WhmgZ/XaaLZ/TnWKZ/RLbnZ/VdMXZ/
1	5	0	0	0	25725619	0	0	25719910	0	0	385800	/assets/adminpix/assets/font-awesome/fonts/fontawesome-webfont3e6e.woff2?v=4.7.0
1	24	0	0	0	25725614	0	0	25719556	0	0	1851840	/assets/fonts/fontawesome-webfont3295.woff2?v=4.5.0
1	29	0	0	0	25726449	0	0	25719556	0	0	171651	/assets/css/magnific.min.css
1	5	0	0	0	25725620	0	0	25719938	0	0	27815	/assets/adminpix/assets/plugins/metisMenu/metisMenu.min.js
1	3	0	0	0	25719954	0	0	25719954	0	0	1005705	/admin/about/edit/1
1	11	0	0	0	25725621	0	0	25719561	0	0	516813	/upload/download/1543050709.jpg
1	0	0	0	1	0	0	25721236	0	0	25721236	0	/logain
1	3	0	0	0	25725988	0	0	25725073	0	0	81725	/services/6
1	22	0	0	0	25725614	0	0	25719556	0	0	444862	/assets/js/magnific.min.js
1	3	0	0	0	25725200	0	0	25723589	0	0	82663	/services/5
1	1	1	0	0	25723849	0	0	25723849	0	0	39624	/?66.102.8.43
1	8	0	0	0	25725201	0	0	25719671	0	0	217436	/services/4
1	5	0	0	0	25726012	0	0	25722391	0	0	126645	/services/3
1	9	0	0	0	25725201	0	0	25719566	0	0	257229	/services/2
1	0	0	3	0	0	25719958	0	0	25719957	0	0	/admin/about/update/26
1	12	0	0	0	25725882	0	0	25719566	0	0	311344	/services/1
1	20	0	0	0	25722861	0	0	25719556	0	0	103040	/assets/fonts/Flaticon.woff
1	0	0	0	7	0	0	25725621	0	0	25719962	0	/theme/adminpix/assets/plugins/datatables/dataTables.min.js
1	2	0	0	0	25726614	0	0	25719674	0	0	1102792	/upload/download/1543059104.pdf
1	0	0	0	2	0	0	25719958	0	0	25719958	0	/admin
1	5	0	0	0	25725619	0	0	25719910	0	0	87870	/assets/adminpix/assets/themify-icons/themify-icons.css
1	5	0	0	0	25725619	0	0	25719910	0	0	606020	/assets/adminpix/assets/bootstrap/css/bootstrap.min.css
1	21	0	0	0	25725614	0	0	25719556	0	0	168924	/assets/js/waypoints.js
1	8	0	0	10	25725620	0	25719522	25719674	0	25718553	0	/favicon.ico
1	26	0	0	1	25726675	0	25718605	25720138	0	25718605	600	/robots.txt
1	29	0	0	0	25725614	0	0	25719556	0	0	129804	/assets/css/owl.transitions.css
1	5	0	0	0	25725619	0	0	25719910	0	0	485815	/assets/adminpix/assets/plugins/jQuery/jquery-1.12.4.min.js
1	0	0	0	1	0	0	25724835	0	0	25724835	0	/wp-login.php?action=register
1	12	0	0	0	25725621	0	0	25719962	0	0	221131	/admin/service
1	0	0	0	10	0	0	25722173	0	0	25719970	0	/theme/frontEnd/images/Archivo-PDF.jpg
1	26	0	0	0	25725614	0	0	25719556	0	0	558298	/assets/css/responsive.css
1	60	0	0	0	25725754	0	0	25719556	0	0	632280	/upload/SiteSetting/1543048576.jpeg
1	0	0	2	0	0	25723517	0	0	25721262	0	0	/logout
1	8	0	0	0	25724463	0	0	25719562	0	0	53344	/assets/img/background/directions-btn.jpg
1	3	0	0	0	25725614	0	0	25725491	0	0	1013487	/upload/slider/1543421102.png
1	48	0	1	0	25725620	25720790	0	25719938	25720790	0	768289	/admin/site/setting
1	6	0	0	4	25725614	0	25723506	25723507	0	25723495	74748	/assets/s2.png
1	23	0	0	0	25725614	0	0	25719556	0	0	10671967	/assets/img/background/about-cta-bg.jpg
1	5	0	0	0	25725619	0	0	25719910	0	0	58810	/assets/adminpix/assets/plugins/lobipanel/lobipanel.min.css
1	0	0	0	9	0	0	25725621	0	0	25719962	0	/theme/adminpix/assets/plugins/summernote/summernote.min.js
1	1	0	0	0	25725308	0	0	25725308	0	0	24	/robots.txt?31.13.127.4
1	0	0	0	1	0	0	25718552	0	0	25718552	0	/.well-known/pki-validation/A8E41700FDDEF4ADE46BE20C912F44BD.txt
1	5	0	0	0	25725080	0	0	25723514	0	0	12925	/upload/business/1543250472.png
1	24	0	0	0	25725614	0	0	25719556	0	0	3201204	/assets/img/background/home-1-testimonial-bg.jpg
1	0	0	3	0	0	25725496	0	0	25725495	0	0	/admin/content/update/1
1	0	0	0	2	0	0	25725611	0	0	25722834	0	/VmOjZ/ZLXLZ/MMTPZ/KPcNZ/TMQYZ/TYcnZ/XLKpZ/PjoNZ/XkTZZ/YdQKZ/WhmgZ/XaaLZ/TnWKZ/RLbnZ/VdMXZ
1	1	0	0	1	25725621	0	25723502	25725621	0	25723502	12268	/admin/projects
1	23	0	0	0	25725614	0	0	25719556	0	0	853461	/assets/js/bootstrap.min.js
1	5	0	0	0	25725620	0	0	25719948	0	0	61345	/assets/adminpix/assets/plugins/datatables/dataTables.min.css
1	3	0	0	0	25726222	0	0	25723514	0	0	20307	/upload/business/1543251021.jpg
1	1	1	0	0	25718558	0	0	25718558	0	0	623	/?C=D;O=A
1	1	0	0	0	25719971	0	0	25719971	0	0	2833838	/upload/download/1543090231.pdf
1	6	0	0	4	25726271	0	25723506	25723507	0	25723495	15510	/assets/s5.png
1	6	0	0	0	25725620	0	0	25719939	0	0	3528	/assets/adminpix/assets/dist/img/favicon.png
1	5	0	0	0	25725619	0	0	25719910	0	0	136395	/assets/adminpix/assets/plugins/animsition/css/animsition.min.css
1	155	155	0	0	25726676	0	0	25718553	0	0	5274804	/
1	5	0	0	0	25725619	0	0	25719910	0	0	641860	/assets/adminpix/assets/dist/css/component_ui.css
1	27	0	0	0	25725614	0	0	25719556	0	0	445635	/upload/business/1543050994.jpg
1	23	0	0	0	25726012	0	0	25719556	0	0	307464	/assets/js/main.js
1	5	0	0	0	25725863	0	0	25719560	0	0	211141	/services
1	0	0	1	0	0	25725578	0	0	25725578	0	0	/MQeQZ/VghRZ/SniKZ/
1	6	0	0	0	25725620	0	0	25719938	0	0	50664	/assets/adminpix/assets/plugins/summernote/font/summernote6659.woff?dc97c88102d55aed645e5f227c58ba5b
1	5	0	0	0	25725620	0	0	25719938	0	0	66025	/assets/adminpix/assets/plugins/summernote/summernote.css
1	23	0	0	0	25725614	0	0	25719556	0	0	928947	/assets/js/owl.carousel.min.js
1	5	0	0	0	25725620	0	0	25719938	0	0	23620	/assets/adminpix/assets/plugins/slimScroll/jquery.slimscroll.min.js
1	1	0	0	0	25721186	0	0	25721186	0	0	165742	/assets/fonts/fontawesome-webfontd41d.eot?
1	0	0	1	0	0	25720647	0	0	25720647	0	0	/blog/
1	22	0	0	0	25725941	0	0	25719561	0	0	532738	/gallery
1	1	1	0	0	25722378	0	0	25722378	0	0	1180	/upload/SiteSetting/?31.13.127.4
1	0	0	0	1	0	0	25720647	0	0	25720647	0	/blog
1	5	0	0	0	25725620	0	0	25719938	0	0	108120	/assets/adminpix/assets/dist/js/theme.js
1	0	0	0	2	0	0	25723517	0	0	25721262	0	/admin/assets/dist/img/favicon.png
1	26	0	0	0	25725614	0	0	25719556	0	0	3468010	/assets/img/service/map.png
1	25	0	0	0	25725614	0	0	25719556	0	0	117001	/assets/js/imagelightbox.min.js
1	1	1	0	0	25723152	0	0	25723152	0	0	1180	/upload/SiteSetting/
1	22	0	0	0	25725614	0	0	25719556	0	0	61666	/assets/js/plugins.js
1	28	0	0	0	25726012	0	0	25719556	0	0	3003672	/assets/css/style.css
1	13	0	0	0	25726635	0	0	25719561	0	0	12891517	/upload/download/1543050628.png
1	25	0	0	0	25725791	0	0	25719556	0	0	90600	/upload/business/1543051176.jpg
1	5	0	0	0	25725620	0	0	25719938	0	0	7630	/assets/adminpix/assets/plugins/summernote/summernote-active.js
1	25	0	0	0	25725788	0	0	25719556	0	0	16305405	/upload/slider/1543050336.jpg
1	5	0	0	0	25725486	0	0	25719542	0	0	169305	/cpanel
1	22	0	0	0	25725614	0	0	25719556	0	0	733568	/assets/js/zebra_datepicker.min.js
1	3	0	0	0	25726086	0	0	25723998	0	0	40611	/upload/business/1543246967.docx
1	2	2	0	0	25719522	0	0	25718553	0	0	1246	/?91.199.212.132
1	24	0	0	0	25725614	0	0	25719556	0	0	522720	/assets/fonts/Linearicons-Free54e9.woff2?w118d
1	24	0	0	0	25725614	0	0	25719556	0	0	22776	/assets/js/jquery.counterup.min.js
1	5	0	0	0	25725619	0	0	25719910	0	0	292780	/assets/adminpix/assets/pe-icon-7-stroke/fonts/Pe-icon-7-strokebb1d.woff?d7yf1v
1	7	0	0	0	25721238	0	0	25719561	0	0	258573	/upload/download/1543060372.png
1	5	0	0	1	25725624	0	25723501	25723505	0	25723501	82098	/admin/site/dashboard
1	21	0	0	0	25725614	0	0	25719556	0	0	857787	/assets/js/isotope.pkgd.min.js
1	6	0	0	0	25725642	0	0	25725621	0	0	86361	/admin/profile
3	7	0	0	0	25725621	0	0	25719962	0	0	104374	http://alaameed.com/admin/service
3	1	0	0	0	25719975	0	0	25719975	0	0	17328	http://alaameed.com/admin/slider/edit/11
3	1	0	0	0	25719710	0	0	25719710	0	0	24184	http://www.alaameed.com/about
3	3	0	0	0	25721018	0	0	25719695	0	0	231480	http://www.alaameed.com/assets/css/font-awesome.min.css
3	1	0	0	0	25722389	0	0	25722389	0	0	363687	http://www.alaameed.com/services/4
3	15	0	0	0	25725614	0	0	25719556	0	0	1157400	http://alaameed.com/assets/css/font-awesome.min.css
3	746	3	0	29	25726288	0	25723506	25718558	0	25718553	71590999	http://alaameed.com/
3	1	0	1	0	25719954	25719954	0	25719954	25719954	0	15818	http://alaameed.com/admin/about/edit/1
3	1	0	0	0	25721021	0	0	25721021	0	0	1098428	http://www.alaameed.com/services/1
3	5	0	0	0	25725619	0	0	25719910	0	0	14125	http://alaameed.com/assets/adminpix/assets/dist/css/component_ui.css
3	4	0	0	0	25721020	0	0	25721020	0	0	1385942	http://www.alaameed.com/gallery
3	24	0	0	6	25723997	0	25721243	25719561	0	25719970	3965219	http://alaameed.com/download
3	51	0	0	0	25725642	0	0	25719564	0	0	9206830	http://alaameed.com/main
3	1	1	0	0	25718558	0	0	25718558	0	0	623	http://alaameed.com/?C=M;O=A
3	3	0	3	0	25719958	25719958	0	25719957	25719957	0	47450	http://alaameed.com/admin/about/edit/26
3	3	0	0	0	25721018	0	0	25719695	0	0	65340	http://www.alaameed.com/assets/css/icon.css
3	14	0	0	0	25725163	0	0	25719562	0	0	369838	http://alaameed.com/contact
3	1	0	0	0	25725621	0	0	25725621	0	0	18896	http://alaameed.com/admin/projects
3	1	0	0	0	25721236	0	0	25721236	0	0	0	http://alaameed.com/logain
3	1	0	1	0	25725500	25725500	0	25725500	25725500	0	15473	http://alaameed.com/admin/business/edit/28
3	6	0	0	0	25725620	0	0	25719938	0	0	101274	http://alaameed.com/assets/adminpix/assets/dist/css/style.css
3	6	0	0	0	25725621	0	0	25719964	0	0	95936	http://alaameed.com/admin/business
3	2	0	0	4	25720800	0	25722173	25719711	0	25720800	73878	http://www.alaameed.com/download
3	13	0	1	0	25725620	25721262	0	25719968	25721262	0	1570975	http://alaameed.com/admin/slider
3	82	0	5	13	25725620	25724015	25725620	25719938	25719947	25719939	2510355	http://alaameed.com/admin/site/setting
3	1	1	0	0	25719709	0	0	25719709	0	0	38346	http://www.talaeeal-noor.com/
3	1	1	0	0	25718558	0	0	25718558	0	0	623	http://alaameed.com/?C=D;O=A
3	6	0	0	0	25725621	0	0	25719561	0	0	506794	http://alaameed.com/clients
3	5	0	0	0	25725619	0	0	25719910	0	0	90140	http://alaameed.com/assets/adminpix/assets/bootstrap/css/bootstrap.min.css
3	11	0	0	0	25722861	0	0	25719556	0	0	56672	http://alaameed.com/assets/css/flaticon.css
3	6	0	0	0	25725620	0	0	25719938	0	0	336648	http://alaameed.com/assets/adminpix/assets/themify-icons/themify-icons.css
3	62	0	0	0	25725618	0	0	25719556	0	0	13001664	http://alaameed.com/assets/css/style.css
3	9	0	0	0	25721039	0	0	25719695	0	0	2038520	http://www.alaameed.com/assets/css/style.css
3	4	0	0	0	25725176	0	0	25719560	0	0	155673	http://alaameed.com/services
3	6	0	0	0	25725620	0	0	25719938	0	0	50664	http://alaameed.com/assets/adminpix/assets/plugins/summernote/summernote.css
3	1	0	0	0	25725202	0	0	25725202	0	0	4476	http://alaameed.com/services/6
3	73	0	0	0	25725145	0	0	25719561	0	0	10208737	http://alaameed.com/gallery
3	4	0	0	0	25725200	0	0	25725200	0	0	148797	http://alaameed.com/services/5
3	4	0	0	0	25725201	0	0	25719673	0	0	82161	http://alaameed.com/services/4
3	5	0	0	0	25726012	0	0	25725625	0	0	151199	http://alaameed.com/services/3
3	3	0	0	1	25723510	0	25723509	25719568	0	25723509	53356	http://alaameed.com/services/2
3	4	0	0	0	25720788	0	0	25719566	0	0	130855	http://alaameed.com/services/1
3	8	0	1	0	25725639	25723517	0	25723501	25723517	0	1254560	http://alaameed.com/admin/site/dashboard
3	19	0	0	0	25724930	0	0	25719559	0	0	1312205	http://alaameed.com/about
3	22	0	0	0	25726001	0	0	25723514	0	0	517290	http://alaameed.com/profile
3	17	0	1	4	25725622	25719969	25719969	25719948	25719969	25719948	2566269	http://alaameed.com/admin/download
3	15	0	0	44	25725621	0	25725621	25719962	0	25719962	4199092	http://alaameed.com/admin/gallery
3	3	0	0	0	25721020	0	0	25719710	0	0	50753	http://www.alaameed.com/contact
3	22	0	2	4	25725620	25719952	25719968	25719951	25719952	25719964	1818910	http://alaameed.com/admin/about
3	11	0	0	1	25725595	0	25723510	25723514	0	25723510	209305	http://alaameed.com/projects
3	76	0	11	18	25725620	25725620	25725620	25719910	25719938	25719910	2731192	http://alaameed.com/login
3	6	0	2	0	25725642	25725642	0	25725621	25725640	0	89601	http://alaameed.com/admin/profile
3	0	0	0	4	0	0	25723517	0	0	25721262	0	http://alaameed.com/admin/login
3	5	0	0	0	25725619	0	0	25719910	0	0	292780	http://alaameed.com/assets/adminpix/assets/pe-icon-7-stroke/css/pe-icon-7-stroke.min.css
3	165	0	0	3	25722393	0	25718581	25719695	0	25718554	14306612	http://www.alaameed.com/
3	1	0	0	0	25721021	0	0	25721021	0	0	25834	http://www.alaameed.com/services
3	5	0	0	0	25725619	0	0	25719910	0	0	385800	http://alaameed.com/assets/adminpix/assets/font-awesome/css/font-awesome.min.css
3	0	0	0	7	0	0	25718576	0	0	25718558	0	http://alaameed.com/?C=N;O=A
3	4	0	0	0	25721021	0	0	25719709	0	0	1591476	http://www.alaameed.com/clients
3	1	1	0	0	25719900	0	0	25719900	0	0	0	https://uptime.com/alaameed.com
3	3	0	0	0	25721018	0	0	25719695	0	0	15456	http://www.alaameed.com/assets/css/flaticon.css
3	1	0	0	0	25719674	0	0	25719674	0	0	0	http://alaameed.com/upload/download/1543059104.pdf
3	19	0	3	0	25725624	25725496	0	25719950	25725495	0	312782	http://alaameed.com/admin/content
3	0	0	1	1	0	25720647	25720647	0	25720647	25720647	0	http://alaameed.com/blog/
3	15	0	0	0	25725614	0	0	25719556	0	0	326700	http://alaameed.com/assets/css/icon.css
3	4	0	0	0	25726449	0	0	25723514	0	0	123823	http://alaameed.com/projectsdetails/30
4	1	0	0	0	25725479	0	0	25725479	0	0	24	Mozilla/5.0 (Windows; U; Win98; en-US; rv:1.4) Gecko Netscape/7.1 (ax)
4	54	2	0	1	25719711	0	25718579	25718579	0	25718579	5620170	Mozilla/5.0 (iPhone; CPU iPhone OS 12_1 like Mac OS X) AppleWebKit/605.1.15 (KHTML, like Gecko) CriOS/70.0.3538.75 Mobile/15E148 Safari/605.1
4	1	1	1	1	25720645	25720647	25720647	25720645	25720647	25720647	38133	Mozilla/5.0 (Windows NT 6.1; WOW64) AppleWebKit/537.36 (KHTML, like Gecko) Chrome/31.0.1650.57 Safari/537.36
4	4	2	0	0	25721160	0	0	25719573	0	0	97287	Mozilla/5.0 (X11; Linux x86_64) AppleWebKit/537.36 (KHTML, like Gecko) Chrome/49.0.2623.75 Safari/537.36 Google Favicon
4	1	0	0	0	25719585	0	0	25719585	0	0	15514	Agent
4	88	15	5	2	25726288	25725500	25725494	25724799	25725494	25725494	8886888	Mozilla/5.0 (Windows NT 10.0; Win64; x64) AppleWebKit/537.36 (KHTML, like Gecko) Chrome/70.0.3538.110 Safari/537.36
4	60	0	0	0	25726449	0	0	25723720	0	0	1695916	Mozilla/5.0 AppleWebKit/537.36 (KHTML, like Gecko; compatible; Googlebot/2.1; +http://www.google.com/bot.html) Safari/537.36
4	188	12	0	3	25722625	0	25719522	25718581	0	25718581	20323254	Mozilla/5.0 (iPhone; CPU iPhone OS 12_1 like Mac OS X) AppleWebKit/605.1.15 (KHTML, like Gecko) Version/12.0 Mobile/15E148 Safari/604.1
4	48	1	0	0	25726675	0	0	25723720	0	0	2350024	Mozilla/5.0 (compatible; Googlebot/2.1; +http://www.google.com/bot.html)
4	38	22	0	0	25723436	0	0	25719871	0	0	1343257	Mozilla/5.0 (X11; Ubuntu; Linux x86_64; rv:58.0) Gecko/20100101 Firefox/58.0
4	1	1	0	0	25722902	0	0	25722902	0	0	38133	Mozilla/5.0 (X11; Linux i686; rv:50.0) Gecko/20100101 Firefox/50.0
4	17	3	0	0	25721146	0	0	25719580	0	0	2625769	facebookexternalhit/1.1 (+http://www.facebook.com/externalhit_uatext.php)
4	1	1	0	0	25719900	0	0	25719900	0	0	0	Go-http-client/1.1
4	4	4	0	0	25719695	0	0	25718580	0	0	77670	WhatsApp/2.18.203 A
4	6	1	0	0	25723589	0	0	25723589	0	0	177137	Mozilla/5.0 (Windows NT 6.0) AppleWebKit/537.36 (KHTML, like Gecko) Chrome/34.0.1847.116 Safari/537.36
4	7	6	0	2	25724835	0	25724835	25724835	0	25724835	275915	Mozilla/5.0 (Windows NT 6.1; WOW64; rv:50.0) Gecko/20100101 Firefox/50.0
4	43	1	0	0	25722629	0	0	25722629	0	0	3948618	Mozilla/5.0 (Windows NT 10.0; Win64; x64) AppleWebKit/537.36 (KHTML, like Gecko) Chrome/69.0.3497.100 Safari/537.36
4	19	0	0	0	25726676	0	0	25725056	0	0	3741418	Googlebot-Image/1.0
4	7	1	0	4	25721039	0	25722173	25720787	0	25720800	564043	Mozilla/5.0 (Linux; Android 8.0.0; SM-J600G) AppleWebKit/537.36 (KHTML, like Gecko) Chrome/70.0.3538.110 Mobile Safari/537.36
4	14	0	0	0	25721186	0	0	25721186	0	0	615981	Mozilla/4.0 (compatible; MSIE 8.0; Windows NT 6.1; WOW64; Trident/4.0; SLCC2; .NET CLR 2.0.50727; .NET CLR 3.5.30729; .NET CLR 3.0.30729; Media Center PC 6.0; InfoPath.3; .NET4.0C; .NET4.0E)
4	394	15	8	67	25724022	25723517	25723517	25718553	25719963	25718553	34404812	Mozilla/5.0 (Windows NT 10.0; Win64; x64) AppleWebKit/537.36 (KHTML, like Gecko) Chrome/70.0.3538.102 Safari/537.36
4	48	1	0	0	25722393	0	0	25722238	0	0	4394522	Mozilla/5.0 (iPhone; CPU iPhone OS 11_4_1 like Mac OS X) AppleWebKit/605.1.15 (KHTML, like Gecko) Version/11.0 Mobile/15E148 Safari/604.1
4	119	1	5	12	25725642	25725642	25725621	25725614	25725619	25725619	8323570	Mozilla/5.0 (Windows NT 6.1) AppleWebKit/537.36 (KHTML, like Gecko) Chrome/70.0.3538.110 Safari/537.36
4	4	2	0	1	25719933	0	25719933	25718554	0	25719933	30412	WhatsApp/2.18.102 i
4	5	5	4	4	25726676	25725611	25725611	25720575	25719564	25719564	191951	Mozilla/5.0 (compatible; Baiduspider/2.0; +http://www.baidu.com/search/spider.html)
4	1	1	0	0	25719130	0	0	25719130	0	0	623	Mozilla/4.0 (compatible; MSIE 8.0; Windows NT 5.1; Trident/4.0; Mozilla/4.0 (compatible; MSIE 6.0; Windows NT 5.1; SV1) ; InfoPath.2; .NET CLR 2.0.50727; .NET CLR 1.1.4322; .NET CLR 3.0.4506.2152; .NET CLR 3.5.30729)
4	231	7	0	0	25725602	0	0	25719581	0	0	22732825	Mozilla/5.0 (Linux; Android 6.0.1; SM-G532F Build/MMB29T) AppleWebKit/537.36 (KHTML, like Gecko) Chrome/65.0.3325.109 Mobile Safari/537.36
4	18	0	0	1	25718552	0	25718552	25718552	0	25718552	1308	COMODO DCV
4	4	2	0	0	25725479	0	0	25725476	0	0	78634	Mozilla/5.0 (compatible; DomainSONOCrawler/0.1; +http://domainsono.com)
4	52	2	0	1	25721234	0	25719240	25719240	0	25719240	6803418	Mozilla/5.0 (Windows NT 6.1; Win64; x64) AppleWebKit/537.36 (KHTML, like Gecko) Chrome/70.0.3538.102 Safari/537.36
4	1	1	0	0	25724992	0	0	25724992	0	0	39305	Mozilla/5.0 (X11; Ubuntu; Linux x86_64; rv:42.0) Gecko/20100101 Firefox/42.0
4	20	2	0	0	25720547	0	0	25720546	0	0	2060986	Mozilla/5.0 (Windows NT 10.0; Win64; x64) AppleWebKit/537.36 (KHTML, like Gecko) Chrome/64.0.3282.140 Safari/537.36 Edge/17.17134
4	3	2	0	1	25722771	0	25718553	25718553	0	25718553	49294	Mozilla/5.0 (Windows NT 6.1; WOW64) SkypeUriPreview Preview/0.5
4	21	1	0	0	25725402	0	0	25724834	0	0	964382	Mozilla/5.0 (compatible; MJ12bot/v1.4.8; http://mj12bot.com/)
4	2	2	0	0	25725760	0	0	25725753	0	0	72346	Mozilla/5.0 (Windows NT 10.0; Win64; x64) AppleWebKit/537.36 (KHTML, like Gecko) Chrome/69.0.3497.81 Safari/537.36
4	537	39	18	77	25724182	25724182	25724014	25718554	25719938	25718554	39368856	Mozilla/5.0 (Windows NT 6.3; Win64; x64) AppleWebKit/537.36 (KHTML, like Gecko) Chrome/70.0.3538.102 Safari/537.36
4	56	2	0	0	25722362	0	0	25721018	0	0	6985481	Mozilla/5.0 (Windows NT 6.1) AppleWebKit/537.36 (KHTML, like Gecko) Chrome/70.0.3538.102 Safari/537.36
4	43	1	0	0	25719586	0	0	25719585	0	0	3948563	Mozilla/5.0 (Linux; Android 5.1; HUAWEI LUA-U22 Build/HUAWEILUA-U22) AppleWebKit/537.36 (KHTML, like Gecko) Chrome/50.0.2661.89 Mobile Safari/537.36
4	1	0	0	1	25720138	0	25718605	25720138	0	25718605	24	Mozilla/5.0 (Windows NT 5.1; rv:6.0.2) Gecko/20100101 Firefox/6.0.2
4	1	1	0	0	25720769	0	0	25720769	0	0	38133	Mozilla/5.0 (Windows NT 10.0; Win64; x64) AppleWebKit/537.36 (KHTML, like Gecko) Chrome/60.0.3112.101 Safari/537.36
5	2	2	0	1	25719522	0	25719522	25719522	0	25719522	1246	42.0.5.244
5	14	1	0	0	25722629	0	0	25722629	0	0	236034	66.102.8.41
5	159	9	1	18	25719974	25719963	25719974	25718553	25719963	25718553	13778833	103.91.144.156
5	119	1	5	12	25725642	25725642	25725621	25725614	25725619	25725619	8323570	5.156.217.159
5	11	0	0	0	25722915	0	0	25722915	0	0	1023522	66.249.88.25
5	7	3	0	0	25726288	0	0	25724799	0	0	217267	180.179.142.108
5	1	0	0	0	25719585	0	0	25719585	0	0	15514	94.97.232.49
5	16	1	0	0	25722915	0	0	25722915	0	0	1661911	66.249.88.23
5	33	2	0	0	25725602	0	0	25719588	0	0	2339223	66.249.93.223
5	9	0	0	0	25722915	0	0	25722915	0	0	371237	66.249.88.19
5	35	0	0	0	25725602	0	0	25719573	0	0	3957531	66.249.93.222
5	13	0	0	0	25726676	0	0	25725492	0	0	277660	66.249.70.9
5	16	0	0	1	25718552	0	25718552	25718552	0	25718552	1154	173.233.70.34
5	1	1	0	0	25724992	0	0	25724992	0	0	39305	185.198.164.96
5	7	5	0	0	25723436	0	0	25719871	0	0	223984	195.154.61.206
5	154	6	5	3	25725500	25725500	25725494	25719240	25725494	25719240	16827260	118.67.223.126
5	0	0	0	1	0	0	25725578	0	0	25725578	0	180.76.15.163
5	0	0	1	0	0	25725611	0	0	25725611	0	0	180.76.15.162
5	56	4	0	3	25719711	0	25718588	25718579	0	25718579	5621416	93.169.154.142
5	1	1	0	0	25719130	0	0	25719130	0	0	623	103.59.156.16
5	1	1	0	0	25722902	0	0	25722902	0	0	38133	54.201.55.25
5	44	3	0	0	25725602	0	0	25719573	0	0	5539989	66.249.93.193
5	150	2	2	15	25721262	25721262	25721262	25719585	25721238	25721236	14639577	37.107.85.5
5	17	1	0	0	25721039	0	0	25719695	0	0	1987101	66.249.93.31
5	8	5	0	0	25723158	0	0	25721385	0	0	413638	212.83.146.233
5	1	1	0	0	25726676	0	0	25726676	0	0	36481	180.76.15.158
5	16	1	0	1	25720787	0	25721039	25719695	0	25721039	1715343	66.249.93.30
5	1	1	0	0	25722801	0	0	25722801	0	0	38133	180.76.15.157
5	1	1	0	0	25723849	0	0	25723849	0	0	39624	180.76.15.156
5	20	2	0	0	25720547	0	0	25720546	0	0	2060986	103.205.134.92
5	10	6	0	0	25724930	0	0	25724928	0	0	1302770	52.64.156.81
5	43	1	0	0	25719586	0	0	25719585	0	0	3948563	103.121.36.75
5	2	0	0	0	25721146	0	0	25719582	0	0	21076	69.171.251.21
5	0	0	1	0	0	25719564	0	0	25719564	0	0	180.76.15.151
5	0	0	1	0	0	25725578	0	0	25725578	0	0	180.76.15.150
5	2	1	0	0	25723883	0	0	25720138	0	0	39336	180.76.15.32
5	0	0	0	1	0	0	25718605	0	0	25718605	0	180.76.15.148
5	6	1	0	0	25723589	0	0	25723589	0	0	177137	178.62.82.141
5	11	0	0	0	25725308	0	0	25724889	0	0	1331428	66.249.75.205
5	0	0	0	1	0	0	25722834	0	0	25722834	0	180.76.15.144
5	1	1	0	0	25720575	0	0	25720575	0	0	38401	180.76.15.27
5	12	0	0	0	25725370	0	0	25724890	0	0	341404	66.249.75.203
5	1	1	0	0	25719900	0	0	25719900	0	0	0	46.166.190.137
5	0	0	0	1	0	0	25719564	0	0	25719564	0	180.76.15.142
5	535	44	18	77	25724459	25724182	25724014	25718554	25719938	25718554	37918152	37.42.65.125
5	30	0	0	0	25725371	0	0	25724890	0	0	1948327	66.249.75.201
5	1	1	1	1	25720645	25720647	25720647	25720645	25720647	25720647	38133	91.210.145.3
5	1	1	0	0	25720769	0	0	25720769	0	0	38133	51.68.154.199
5	1	0	0	0	25719580	0	0	25719580	0	0	10538	69.171.251.8
5	1	0	0	0	25719582	0	0	25719582	0	0	16505	69.171.251.7
5	1	1	0	0	25724835	0	0	25724835	0	0	39305	85.202.163.127
5	0	0	1	0	0	25722834	0	0	25722834	0	0	180.76.15.15
5	10	4	0	0	25723436	0	0	25722006	0	0	221160	51.15.191.81
5	2	1	0	0	25724834	0	0	25724834	0	0	39329	95.216.5.188
5	56	2	0	0	25722362	0	0	25721018	0	0	6985481	51.36.29.163
5	29	1	0	0	25723720	0	0	25723720	0	0	836890	66.249.79.169
5	1	1	0	0	25724835	0	0	25724835	0	0	39305	87.118.116.12
5	0	0	0	1	0	0	25724835	0	0	25724835	0	87.118.92.43
5	1	0	0	0	25724835	0	0	25724835	0	0	40085	176.10.99.200
5	1	1	0	0	25726286	0	0	25726286	0	0	36173	155.64.38.90
5	3	3	0	0	25724474	0	0	25721652	0	0	116419	198.186.192.103
5	130	6	0	0	25722634	0	0	25719818	0	0	14880826	94.99.133.181
5	16	0	0	0	25725073	0	0	25725072	0	0	883575	5.9.66.153
5	3	1	0	0	25720581	0	0	25720579	0	0	882817	103.246.38.196
5	48	1	0	0	25722393	0	0	25722238	0	0	4394522	95.184.97.160
5	0	0	0	1	0	0	25722173	0	0	25722173	0	66.249.88.85
5	15	2	0	0	25726288	0	0	25720579	0	0	2940005	202.134.12.36
5	122	5	5	34	25723517	25723517	25723517	25723489	25723500	25723495	7569015	202.134.11.158
5	7	3	0	0	25723337	0	0	25720094	0	0	176426	62.4.14.198
5	6	5	0	0	25722848	0	0	25721805	0	0	308049	62.4.14.206
5	18	1	0	1	25724930	0	25720581	25720581	0	25720581	2303087	202.134.12.27
5	16	0	0	0	25724930	0	0	25720579	0	0	1200262	202.134.12.26
5	1	0	0	0	25719696	0	0	25719696	0	0	10538	66.220.149.34
5	0	0	0	1	0	0	25725611	0	0	25725611	0	180.76.15.6
5	3	2	0	1	25722771	0	25718553	25718553	0	25718553	49294	52.114.128.37
5	4	4	0	1	25724835	0	25724835	25724835	0	25724835	157220	195.176.3.23
5	2	0	0	0	25719582	0	0	25719582	0	0	707180	31.13.127.17
5	1	0	0	0	25719582	0	0	25719582	0	0	133385	66.220.149.3
5	1	0	0	0	25719582	0	0	25719582	0	0	134487	31.13.127.15
5	4	0	0	0	25719582	0	0	25719582	0	0	1303163	31.13.127.14
5	1	1	0	0	25725753	0	0	25725753	0	0	36173	64.90.34.107
5	17	0	0	1	25719695	0	25720800	25719695	0	25720800	810430	66.249.93.2
5	0	0	0	1	0	0	25721349	0	0	25721349	0	66.249.81.23
5	1	1	0	0	25719424	0	0	25719424	0	0	623	95.218.179.148
5	15	0	0	0	25726449	0	0	25725492	0	0	1038033	66.249.70.13
5	3	0	0	0	25725402	0	0	25725401	0	0	41478	5.9.156.30
5	17	0	0	0	25726675	0	0	25725595	0	0	2013616	66.249.70.11
5	5	2	0	0	25725479	0	0	25725476	0	0	78658	158.69.25.178
5	1	1	0	0	25725760	0	0	25725760	0	0	36173	62.233.120.26
5	12	0	0	0	25722629	0	0	25722629	0	0	1653427	66.102.8.45
5	3	2	0	0	25719582	0	0	25719580	0	0	250819	31.13.127.6
5	2	0	0	0	25718552	0	0	25718552	0	0	154	91.199.212.132
5	1	1	0	0	25719580	0	0	25719580	0	0	38078	31.13.127.4
5	17	0	0	0	25722629	0	0	25722629	0	0	2059157	66.102.8.43
z	0	10	1	25725620	0
z	1	8	0	25721188	8
z	2	44	0	25726675	1932
z	3	67	22	25725620	48570
z	4	467	2	25726449	2218293
z	5	1206	138	25726676	35235756
z	6	300	0	25726614	71519189
z	7	64	0	25726635	74017267
c	200	2145	25726676
c	206	21	25721188
c	301	5	25725611
c	302	36	25725642
c	404	142	25725621
c	405	2	25719949
c	500	34	25725620
